9,0,0
6,0,0
20,0,0
36,0,1
5,0,0
21,0,0
35,0,1
34,0,1
27,0,0
16,1,0
10,1,0
26,1,0
25,1,0
25,1,0
31,1,1
4,1,0
28,2,0
2,2,0
19,2,0
35,2,1
31,2,1
1,3,0
34,3,1
14,3,0
36,3,1
32,3,1
4,3,0
21,3,0
2,4,0
29,4,0
7,4,0
3,5,0
32,5,1
31,5,1
7,6,0
36,6,1
22,6,0
1,6,0
27,6,0
7,6,0
32,7,1
26,7,0
14,7,0
14,7,0
27,7,0
15,7,0
28,8,0
6,8,0
9,8,0
32,8,1
29,8,0
26,8,0
20,8,0
13,8,0
28,8,0
20,9,0
10,9,0
5,9,0
18,9,0
28,9,0
30,9,1
6,9,0
29,9,0
6,9,0
25,9,0
14,10,0
2,10,0
0,10,0
6,11,0
22,11,0
6,11,0
23,11,0
8,11,0
3,11,0
20,12,0
13,12,0
8,12,0
29,12,0
4,12,0
36,13,1
19,13,0
31,13,1
36,13,1
16,13,0
14,13,0
12,13,0
12,14,0
17,14,0
29,14,0
23,14,0
6,14,0
18,14,0
36,14,1
31,14,1
0,15,0
3,15,0
1,15,0
11,15,0
31,15,1
19,15,0
2,15,0
26,15,0
34,15,1
3,15,0
36,16,1
34,16,1
26,16,0
16,16,0
11,16,0
16,16,0
20,16,0
30,17,1
1,17,0
20,17,0
7,18,0
4,18,0
34,18,1
22,18,0
17,18,0
33,18,1
11,18,0
13,19,0
13,19,0
17,19,0
20,19,0
15,20,0
28,20,0
33,20,1
5,20,0
3,20,0
33,20,1
11,20,0
26,20,0
16,20,0
20,20,0
21,21,0
29,21,0
27,21,0
5,21,0
16,21,0
8,21,0
21,21,0
0,22,0
32,22,1
34,22,1
36,22,1
4,22,0
1,22,0
6,22,0
12,22,0
31,22,1
6,22,0
14,23,0
29,23,0
19,23,0
20,23,0
0,23,0
23,23,0
6,23,0
33,23,1
24,23,0
33,24,1
16,24,0
15,24,0
28,24,0
25,24,0
34,24,1
24,24,0
28,24,0
11,24,0
17,24,0
26,25,0
16,25,0
25,25,0
19,25,0
23,25,0
15,26,0
6,26,0
23,26,0
7,26,0
6,26,0
21,26,0
0,27,0
20,27,0
17,27,0
30,27,1
2,27,0
1,27,0
34,27,1
15,27,0
17,28,0
3,28,0
11,28,0
32,28,1
16,28,0
24,28,0
26,29,0
4,29,0
25,29,0
36,29,1
12,29,0
5,29,0
36,30,1
23,30,0
21,30,0
31,30,1
31,30,1
12,30,0
23,30,0
29,30,0
16,30,0
9,30,0
7,31,0
28,31,0
0,31,0
31,31,1
9,31,0
12,31,0
22,32,0
0,32,0
10,32,0
27,32,0
5,32,0
21,32,0
23,32,0
36,32,1
0,33,0
23,33,0
10,33,0
4,33,0
24,33,0
18,33,0
35,33,1
19,33,0
20,34,0
4,34,0
1,34,0
27,34,0
22,34,0
8,34,0
21,34,0
28,35,0
20,35,0
16,35,0
12,35,0
30,35,1
7,35,0
36,35,1
13,35,0
0,35,0
14,35,0
3,36,0
6,36,0
0,36,0
9,36,0
27,36,0
8,36,0
25,37,0
33,37,1
19,37,0
14,37,0
12,37,0
21,37,0
36,37,1
14,37,0
14,37,0
24,37,0
10,38,0
7,38,0
29,38,0
14,38,0
5,38,0
24,38,0
16,38,0
36,38,1
12,39,0
22,39,0
29,39,0
34,39,1
1,39,0
8,39,0
28,40,0
22,40,0
2,40,0
18,40,0
2,40,0
22,40,0
19,40,0
4,40,0
15,40,0
12,40,0
8,41,0
23,41,0
26,41,0
10,41,0
11,41,0
31,41,1
3,41,0
20,41,0
1,42,0
28,42,0
14,42,0
24,42,0
21,42,0
15,42,0
9,42,0
9,42,0
34,42,1
26,43,0
8,43,0
25,43,0
6,43,0
2,43,0
2,43,0
23,43,0
4,44,0
24,44,0
36,44,1
18,44,0
19,44,0
25,44,0
28,44,0
20,44,0
9,44,0
10,45,0
27,45,0
15,45,0
19,45,0
14,45,0
2,46,0
2,46,0
34,46,1
30,46,1
25,46,0
14,46,0
6,46,0
36,47,1
25,47,0
29,47,0
23,47,0
23,48,0
11,48,0
18,48,0
35,48,1
18,48,0
29,48,0
23,49,0
32,49,1
32,49,1
17,49,0
10,50,0
24,50,0
23,50,0
5,50,0
24,50,0
24,50,0
13,50,0
25,50,0
0,51,0
28,51,0
28,51,0
31,51,1
24,51,0
20,51,0
18,51,0
9,51,0
18,51,0
26,51,0
8,52,0
2,52,0
31,52,1
34,53,1
8,53,0
34,53,1
27,53,0
8,54,0
24,54,0
33,54,1
20,54,0
20,54,0
13,54,0
18,54,0
25,55,0
4,55,0
8,55,0
15,55,0
22,55,0
10,56,0
1,56,0
23,56,0
33,56,1
26,56,0
20,56,0
21,57,0
15,57,0
28,57,0
8,57,0
20,57,0
34,57,1
12,58,0
35,58,1
10,58,0
27,58,0
21,58,0
12,58,0
11,58,0
35,58,1
20,58,0
34,59,1
5,59,0
19,59,0
1,59,0
26,59,0
3,59,0
11,59,0
36,59,1
1,60,0
9,60,0
1,60,0
18,60,0
35,60,1
33,60,1
18,61,0
30,61,1
35,61,1
23,61,0
28,61,0
35,61,1
21,61,0
19,62,0
35,62,1
16,62,0
16,62,0
9,62,0
6,63,0
1,63,0
18,63,0
31,63,1
31,63,1
25,63,0
32,63,1
8,63,0
26,63,0
24,64,0
26,64,0
16,64,0
31,64,1
13,64,0
18,64,0
28,64,0
5,64,0
5,65,0
31,65,1
35,65,1
35,66,1
35,66,1
2,66,0
5,66,0
15,66,0
1,66,0
36,66,1
14,66,0
