36,0
28,0
21,0
17,0
34,0
25,0
17,0
31,0
5,1
5,1
2,1
5,1
18,1
5,2
25,2
2,2
25,2
12,2
5,3
25,3
2,3
17,3
34,3
20,3
17,4
14,4
39,4
30,5
1,5
27,5
5,5
25,5
12,5
32,6
3,6
1,6
2,6
20,6
25,7
25,7
17,7
31,8
2,8
25,8
31,8
3,8
18,9
2,9
28,9
30,9
2,9
25,9
25,9
17,9
31,10
31,10
36,10
2,10
25,10
2,10
31,10
30,10
3,11
36,11
18,11
17,11
2,11
3,11
25,11
25,11
2,12
32,12
20,12
28,12
12,13
5,13
32,13
17,13
25,14
14,14
39,14
12,14
25,14
36,15
13,15
32,15
31,15
32,16
2,16
25,16
31,16
5,16
20,16
25,17
32,17
20,17
5,17
3,17
18,17
34,18
25,18
36,18
21,18
27,18
12,18
34,18
36,18
5,18
31,18
39,19
34,19
31,19
25,20
17,20
25,20
36,20
1,21
18,21
3,21
5,21
12,21
31,22
25,22
21,22
25,22
34,22
25,22
28,22
32,22
18,23
31,23
17,23
13,23
25,23
27,24
32,24
39,24
25,24
28,24
17,24
2,24
36,24
30,25
25,25
28,25
25,26
18,26
18,26
3,26
36,26
25,27
1,27
2,28
39,28
1,28
39,28
5,28
17,28
17,28
20,29
31,29
25,29
2,29
36,30
17,30
17,30
2,30
32,31
28,31
36,31
39,32
13,32
20,32
25,32
27,32
13,32
25,32
39,32
25,33
3,33
12,33
34,33
31,33
17,34
5,34
21,35
27,35
25,35
31,35
31,35
27,35
34,36
17,36
17,36
25,36
30,36
25,36
14,37
17,37
25,37
25,37
17,37
17,37
25,38
17,38
14,38
14,38
36,38
17,39
20,39
25,39
32,39
2,39
25,39
3,40
25,40
36,40
2,40
36,40
12,40
25,41
25,41
31,41
34,41
18,42
2,42
34,42
34,42
1,42
25,43
31,43
25,43
28,44
25,44
36,45
30,45
36,45
25,45
25,45
31,45
36,45
21,46
34,46
32,46
25,46
17,46
18,46
17,47
14,48
31,48
36,49
17,49
25,49
31,49
27,50
31,50
12,50
25,50
28,50
25,51
20,51
25,51
36,52
2,53
39,53
5,53
25,54
25,54
20,55
27,55
5,55
3,56
1,56
14,56
32,56
5,57
25,57
25,57
13,57
31,57
18,58
3,58
2,58
17,58
25,58
2,58
25,58
31,59
39,59
32,59
14,59
32,59
5,59
32,60
25,60
5,60
25,60
1,60
13,60
25,60
25,60
2,60
5,60
17,61
21,61
32,61
1,61
25,62
25,62
17,62
5,62
25,62
21,62
32,62
2,63
27,63
1,63
34,63
1,63
31,63
34,63
36,63
17,64
31,64
31,64
36,64
30,64
36,64
2,65
3,65
17,65
5,65
34,65
31,65
17,65
36,65
17,65
39,66
28,66
2,66
5,66
20,66
36,66
