0,0,2003-01-22,0
1,0,2010-06-01,1
2,0,2015-03-01,2
3,0,2015-06-19,3
4,0,2015-11-28,4
5,0,2019-04-27,5
6,0,2021-09-09,6
7,1,2000-08-14,0
8,1,2001-10-08,1
9,1,2005-08-13,2
10,1,2006-06-28,3
11,1,2006-12-15,4
12,1,2008-09-16,5
13,1,2009-05-12,6
14,1,2011-07-29,7
15,1,2011-08-16,8
16,1,2014-07-20,9
17,1,2016-01-12,10
18,1,2016-02-25,11
19,1,2017-05-09,12
20,1,2019-01-20,13
21,1,2021-05-17,14
22,2,2001-06-28,0
23,2,2008-04-22,1
24,2,2009-09-25,2
25,2,2009-11-08,3
26,2,2012-01-15,4
27,2,2013-08-27,5
28,2,2013-12-18,6
29,2,2016-11-17,7
30,2,2017-01-14,8
31,2,2018-04-25,9
32,2,2019-09-22,10
33,3,2001-02-05,0
34,3,2003-07-16,1
35,3,2004-02-07,2
36,3,2007-04-19,3
37,3,2008-03-18,4
38,3,2009-12-03,5
39,3,2012-10-15,6
40,3,2018-02-25,7
41,3,2019-12-28,8
42,4,2000-07-02,0
43,4,2002-01-29,1
44,4,2003-10-15,2
45,4,2006-01-26,3
46,4,2006-10-13,4
47,4,2007-12-13,5
48,4,2009-02-27,6
49,4,2009-07-08,7
50,4,2009-10-07,8
51,4,2011-01-11,9
52,4,2018-01-11,10
53,4,2018-10-17,11
54,4,2019-12-15,12
55,5,2001-11-10,0
56,5,2002-09-23,1
57,5,2003-04-04,2
58,5,2005-07-03,3
59,5,2008-09-29,4
60,5,2011-03-06,5
61,5,2013-06-07,6
62,5,2016-08-22,7
63,5,2018-05-10,8
64,5,2018-08-16,9
65,5,2018-11-26,10
66,5,2020-06-27,11
